610+380932064571
+380639675709
+380639675709
+380506400428
539610
+380932064571
+380639675709
+380639675709
+380506400428
283610
+380932064571
+380639675709
+380639675709
+380506400428
266610
+380932064571
+380639675709
+380639675709
+380506400428
322610
+380932064571
+380639675709
+380639675709
+380506400428
467610
278+380932064571
+380639675709
+380639675709
+380506400428
610
366+380932064571
+380639675709
+380639675709
+380506400428
610
156+380932064571
+380639675709
+380639675709
+380506400428
610
504+380932064571
+380639675709
+380639675709
+380506400428
610
318+380932064571
+380639675709
+380639675709
+380506400428
